quad2.bmp
DAT1.0
807
0 <126,170> 3 15 26 177 
1 <126,164> 3 26 177 178 
2 <120,161> 3 26 30 178 
3 <134,175> 3 15 141 177 
4 <140,174> 3 141 175 177 
5 <144,177> 3 139 141 175 
6 <142,166> 3 175 182 188 
7 <133,180> 3 0 15 141 
8 <126,184> 3 0 15 239 
9 <125,189> 3 0 237 239 
10 <130,193> 3 0 122 237 
11 <138,191> 3 0 113 122 
12 <140,185> 3 0 113 141 
13 <121,180> 3 15 20 239 
14 <120,175> 3 15 20 26 
15 <187,164> 3 21 31 47 
16 <115,185> 3 20 239 303 
17 <111,181> 3 20 291 303 
18 <111,177> 3 20 288 291 
19 <112,174> 3 20 26 288 
20 <183,158> 3 21 47 116 
21 <110,166> 3 26 33 288 
22 <109,155> 3 30 33 38 
23 <112,161> 3 26 30 33 
24 <120,144> 3 40 45 184 
25 <120,148> 3 30 40 184 
26 <192,166> 3 31 47 56 
27 <125,141> 3 45 75 184 
28 <126,155> 3 30 178 184 
29 <109,150> 3 30 38 40 
30 <194,171> 3 31 56 59 
31 <101,157> 3 33 38 140 
32 <102,165> 3 33 140 288 
33 <198,160> 3 47 56 354 
34 <96,154> 3 38 140 148 
35 <95,147> 3 38 58 148 
36 <101,144> 3 38 46 58 
37 <107,144> 3 38 40 46 
38 <200,155> 3 47 354 358 
39 <114,140> 3 40 45 46 
40 <197,150> 3 47 137 358 
41 <121,136> 3 45 75 78 
42 <100,138> 3 46 54 58 
43 <112,133> 3 46 54 78 
44 <115,135> 3 45 46 78 
45 <188,151> 3 47 116 137 
46 <172,86> 3 254 271 364 
47 <95,134> 3 54 55 58 
48 <90,134> 3 55 58 66 
49 <89,124> 3 55 66 335 
50 <90,107> 3 335 623 1181 
51 <101,127> 3 54 55 333 
52 <106,125> 3 54 84 333 
53 <112,127> 3 54 78 84 
54 <200,173> 3 56 59 71 
55 <203,169> 3 56 71 354 
56 <86,135> 3 58 63 66 
57 <89,144> 3 58 63 148 
58 <201,179> 3 59 71 575 
59 <83,147> 3 63 147 148 
60 <76,146> 3 63 147 661 
61 <73,138> 3 63 660 661 
62 <77,132> 3 63 70 660 
63 <207,181> 3 71 575 910 
64 <81,133> 3 63 66 70 
65 <85,123> 3 66 70 335 
66 <212,177> 3 71 349 904 
67 <74,128> 3 70 659 660 
68 <77,120> 3 70 659 679 
69 <81,119> 3 70 335 679 
70 <210,170> 3 71 349 354 
71 <131,141> 3 75 99 184 
72 <135,134> 3 75 94 99 
73 <131,129> 3 75 81 94 
74 <122,131> 3 75 78 81 
75 <185,147> 3 115 116 137 
76 <119,125> 3 78 81 84 
77 <120,121> 3 81 84 331 
78 <179,139> 3 109 114 115 
79 <124,121> 3 81 90 331 
80 <132,123> 3 81 90 94 
81 <177,127> 3 82 95 109 
82 <113,115> 3 84 331 388 
83 <109,115> 3 84 333 388 
84 <181,126> 3 95 109 340 
85 <137,120> 3 90 94 309 
86 <138,115> 3 90 308 309 
87 <122,112> 3 90 331 398 
88 <127,109> 3 90 308 398 
89 <131,103> 3 308 316 398 
90 <181,116> 3 95 263 340 
91 <143,120> 3 94 222 309 
92 <140,134> 3 94 99 201 
93 <144,124> 3 94 201 222 
94 <174,112> 3 95 262 263 
95 <134,144> 3 99 184 185 
96 <142,146> 3 99 185 189 
97 <148,143> 3 99 189 196 
98 <146,137> 3 99 196 201 
99 <185,129> 3 109 130 340 
100 <189,182> 3 59 165 174 
101 <135,154> 3 182 184 185 
102 <143,199> 3 108 122 229 
103 <146,196> 3 108 113 122 
104 <156,193> 3 108 113 126 
105 <158,198> 3 108 126 564 
106 <155,204> 3 108 149 564 
107 <146,204> 3 108 149 229 
108 <184,137> 3 109 115 130 
109 <167,199> 3 126 564 567 
110 <146,182> 3 113 139 141 
111 <152,182> 3 113 129 139 
112 <157,187> 3 113 126 129 
113 <186,141> 3 115 130 137 
114 <144,207> 3 149 229 240 
115 <147,211> 3 149 240 554 
116 <159,210> 3 149 554 565 
117 <163,212> 3 554 563 565 
118 <151,227> 3 555 559 975 
119 <136,208> 3 229 234 240 
120 <134,202> 3 122 229 234 
121 <129,199> 3 122 234 237 
122 <191,136> 3 130 137 381 
123 <176,198> 3 126 168 567 
124 <176,191> 3 126 164 168 
125 <168,186> 3 126 129 164 
126 <193,129> 3 130 340 381 
127 <165,178> 3 129 138 164 
128 <155,179> 3 129 138 139 
129 <198,120> 3 340 394 526 
130 <154,175> 3 136 138 139 
131 <150,174> 3 136 139 175 
132 <149,169> 3 136 175 188 
133 <161,170> 3 136 138 157 
134 <161,164> 3 136 157 161 
135 <154,161> 3 136 161 188 
136 <199,142> 3 137 358 381 
137 <167,172> 3 138 153 157 
138 <89,167> 3 140 600 601 
139 <97,169> 3 140 288 601 
140 <189,177> 3 31 59 165 
141 <159,207> 3 149 564 565 
142 <83,154> 3 147 148 600 
143 <88,158> 3 140 148 600 
144 <76,160> 3 147 600 645 
145 <68,155> 3 147 650 662 
146 <71,150> 3 147 661 662 
147 <161,220> 3 554 559 563 
148 <154,222> 3 554 555 559 
149 <170,166> 3 153 157 207 
150 <165,161> 3 157 161 207 
151 <178,171> 3 21 153 165 
152 <181,171> 3 21 31 165 
153 <235,154> 3 169 179 209 
154 <167,175> 3 138 153 164 
155 <174,175> 3 153 164 165 
156 <175,164> 3 21 153 207 
157 <234,150> 3 169 209 501 
158 <165,155> 3 161 207 208 
159 <160,153> 3 161 192 208 
160 <152,156> 3 161 188 192 
161 <249,121> 3 246 515 787 
162 <182,186> 3 165 168 174 
163 <177,186> 3 164 165 168 
164 <243,143> 3 169 499 790 
165 <245,148> 3 169 272 790 
166 <186,194> 3 168 174 570 
167 <180,199> 3 168 567 570 
168 <244,154> 3 169 179 272 
169 <169,205> 3 564 565 567 
170 <177,206> 3 565 567 577 
171 <190,197> 3 174 570 573 
172 <193,192> 3 174 573 575 
173 <194,185> 3 59 174 575 
174 <235,166> 3 179 186 195 
175 <245,160> 3 179 270 272 
176 <139,167> 3 175 177 182 
177 <242,164> 3 179 186 270 
178 <233,161> 3 179 195 209 
179 <141,156> 3 182 185 188 
180 <132,156> 3 178 182 184 
181 <131,164> 3 177 178 182 
182 <234,172> 3 186 195 751 
183 <143,153> 3 185 188 189 
184 <241,174> 3 186 750 751 
185 <245,169> 3 186 270 750 
186 <148,153> 3 188 189 192 
187 <151,148> 3 189 192 196 
188 <240,185> 3 241 750 751 
189 <231,174> 3 195 351 751 
190 <159,145> 3 192 198 208 
191 <155,145> 3 192 196 198 
192 <225,169> 3 195 345 351 
193 <155,136> 3 196 198 215 
194 <228,162> 3 195 209 345 
195 <162,142> 3 198 208 213 
196 <257,122> 3 246 787 814 
197 <161,133> 3 198 213 215 
198 <235,186> 3 241 751 903 
199 <152,133> 3 196 201 215 
200 <150,126> 3 201 215 222 
201 <224,159> 3 209 345 491 
202 <157,121> 3 215 222 225 
203 <176,155> 3 115 116 207 
204 <169,152> 3 114 207 208 
205 <174,151> 3 114 115 207 
206 <177,159> 3 21 116 207 
207 <224,151> 3 209 491 549 
208 <227,148> 3 209 501 549 
209 <168,144> 3 114 208 213 
210 <171,138> 3 109 114 213 
211 <171,130> 3 82 109 213 
212 <165,127> 3 82 213 215 
213 <256,154> 3 272 282 792 
214 <165,120> 3 82 215 225 
215 <228,200> 3 238 756 761 
216 <152,111> 4 222 225 309 311 
217 <153,107> 3 225 311 312 
218 <157,106> 3 225 262 312 
219 <159,100> 3 262 283 312 
220 <166,116> 3 82 225 262 
221 <170,115> 3 82 95 262 
222 <233,199> 3 238 241 756 
223 <186,109> 3 263 525 526 
224 <247,123> 3 247 515 787 
225 <236,201> 3 238 241 253 
226 <144,215> 3 240 554 555 
227 <140,218> 3 240 244 555 
228 <135,213> 3 234 240 244 
229 <240,208> 3 238 253 943 
230 <130,215> 3 234 244 252 
231 <123,213> 3 234 251 252 
232 <119,208> 3 234 251 305 
233 <122,203> 3 234 237 305 
234 <236,212> 3 238 764 943 
235 <118,200> 3 237 304 305 
236 <118,193> 3 237 239 304 
237 <227,209> 3 238 761 764 
238 <114,191> 3 239 303 304 
239 <245,197> 3 241 253 815 
240 <177,85> 3 254 364 486 
241 <138,223> 3 244 555 930 
242 <132,226> 3 244 727 930 
243 <128,223> 3 244 252 727 
244 <246,208> 3 253 943 997 
245 <240,123> 3 247 511 515 
246 <123,222> 3 251 252 727 
247 <117,225> 3 251 727 741 
248 <113,225> 3 251 732 741 
249 <110,217> 3 251 607 732 
250 <111,212> 3 251 305 607 
251 <228,220> 3 764 765 957 
252 <249,200> 3 253 815 997 
253 <184,95> 3 254 486 525 
254 <256,201> 3 815 997 999 
255 <163,98> 3 261 262 283 
256 <171,103> 3 261 262 263 
257 <179,103> 3 261 263 525 
258 <180,98> 3 254 261 525 
259 <164,92> 3 261 271 283 
260 <170,92> 3 254 261 271 
261 <161,88> 3 271 283 292 
262 <162,81> 3 271 292 371 
263 <165,78> 3 271 367 371 
264 <241,128> 3 247 499 511 
265 <247,140> 3 499 779 790 
266 <255,150> 3 272 790 792 
267 <251,162> 3 270 272 282 
268 <257,169> 3 270 277 282 
269 <253,172> 3 270 277 750 
270 <169,79> 3 271 364 367 
271 <253,180> 3 277 750 806 
272 <154,88> 3 283 292 299 
273 <261,169> 3 277 282 807 
274 <269,167> 3 795 807 808 
275 <252,184> 3 750 806 815 
276 <260,181> 3 277 806 807 
277 <152,92> 3 283 299 312 
278 <237,102> 3 843 844 915 
279 <263,155> 3 282 792 795 
280 <279,152> 3 800 808 1043 
281 <271,154> 3 795 800 808 
282 <148,92> 3 299 312 317 
283 <262,138> 3 788 809 811 
284 <97,174> 3 288 597 601 
285 <98,178> 3 288 291 597 
286 <98,185> 3 291 298 597 
287 <102,187> 3 291 298 303 
288 <148,82> 3 292 299 320 
290 <79,179> 3 601 618 714 
291 <148,77> 3 292 320 373 
292 <88,189> 3 298 597 715 
293 <85,185> 3 597 714 715 
294 <85,180> 3 597 601 714 
296 <88,198> 3 298 605 715 
297 <100,197> 3 298 303 605 
298 <144,85> 3 299 317 320 
299 <104,198> 3 303 304 605 
300 <105,202> 3 304 305 605 
301 <104,207> 3 305 605 607 
302 <98,210> 3 605 607 734 
303 <151,53> 3 466 470 472 
304 <140,106> 3 308 311 316 
305 <144,103> 3 311 312 316 
306 <68,187> 3 712 714 718 
307 <142,109> 3 308 309 311 
308 <98,220> 3 607 732 737 
310 <144,98> 3 312 316 317 
313 <129,97> 3 316 398 406 
314 <133,93> 3 316 317 406 
315 <135,85> 3 317 406 407 
318 <139,83> 3 317 320 407 
319 <140,74> 3 320 326 407 
321 <146,73> 3 320 326 373 
322 <135,69> 3 326 407 424 
323 <147,67> 3 326 373 377 
324 <142,64> 3 326 377 425 
325 <137,64> 3 326 424 425 
327 <115,111> 3 331 388 398 
328 <108,105> 4 388 392 399 1182 
329 <115,95> 3 399 404 414 
330 <106,112> 3 333 388 1182 
332 <101,113> 3 333 335 1182 
334 <95,121> 3 55 333 335 
336 <83,112> 3 335 623 679 
337 <96,109> 3 335 1181 1182 
339 <187,114> 3 263 340 526 
341 <198,126> 3 340 381 394 
342 <216,167> 3 345 349 356 
343 <216,158> 3 345 356 491 
344 <213,152> 3 356 491 550 
346 <220,170> 3 345 349 351 
347 <211,165> 3 349 354 356 
348 <218,176> 3 349 351 904 
350 <229,180> 3 351 751 903 
352 <202,192> 3 573 575 910 
353 <205,157> 3 354 356 358 
355 <207,151> 3 356 358 550 
357 <204,145> 3 358 381 550 
359 <172,74> 3 364 367 481 
360 <178,79> 3 364 482 486 
361 <185,77> 3 482 486 544 
362 <185,70> 3 482 544 1183 
363 <178,68> 3 481 482 1007 
365 <168,70> 3 367 478 481 
366 <164,72> 3 367 371 478 
368 <157,71> 3 371 373 470 
369 <162,68> 3 371 470 478 
370 <155,77> 3 292 371 373 
372 <151,66> 3 373 377 470 
374 <142,59> 3 377 425 466 
375 <146,59> 3 377 466 470 
378 <159,47> 3 468 472 888 
379 <205,140> 3 381 550 1186 
380 <211,137> 3 550 1184 1186 
382 <203,132> 3 381 394 1186 
384 <202,115> 3 394 526 532 
385 <211,117> 3 394 517 534 
386 <211,125> 3 394 517 1187 
387 <207,129> 3 394 1186 1187 
389 <109,99> 3 392 399 414 
390 <95,100> 3 392 626 1181 
391 <98,96> 3 392 414 626 
393 <121,71> 3 410 424 428 
395 <119,99> 3 398 399 404 
396 <124,96> 3 398 404 406 
397 <114,106> 3 388 398 399 
400 <114,89> 3 404 414 417 
401 <118,85> 3 404 410 417 
402 <123,86> 3 404 406 410 
403 <127,83> 3 406 407 410 
405 <129,73> 3 407 410 424 
408 <113,74> 3 410 428 430 
409 <112,78> 3 410 417 430 
412 <100,87> 3 414 417 629 
413 <98,91> 3 414 626 629 
415 <98,84> 3 417 430 629 
416 <95,79> 3 430 629 696 
418 <125,62> 3 424 428 441 
419 <112,58> 3 428 439 460 
420 <131,62> 3 424 425 441 
421 <133,56> 3 425 441 446 
422 <137,54> 3 425 446 466 
423 <120,60> 3 428 439 441 
426 <102,70> 3 428 430 434 
427 <102,63> 3 428 434 460 
429 <93,74> 3 430 434 696 
431 <86,64> 3 434 703 704 
432 <90,58> 3 434 464 704 
433 <100,54> 3 460 461 464 
435 <113,51> 3 439 457 461 
436 <109,54> 3 439 460 461 
437 <121,48> 3 439 450 457 
438 <124,52> 3 439 441 450 
440 <131,49> 3 441 446 450 
442 <132,42> 3 446 450 884 
443 <144,42> 3 446 468 882 
444 <144,46> 3 446 466 468 
445 <140,40> 3 446 882 884 
447 <119,40> 3 450 453 457 
448 <128,38> 3 450 453 884 
449 <131,32> 2 453 884 
451 <113,31> 2 453 457 
454 <104,30> 1 457 
456 <98,36> 2 457 461 
458 <94,47> 2 461 464 
459 <97,58> 3 434 460 464 
462 <86,52> 2 464 704 
465 <153,48> 3 466 468 472 
467 <157,41> 3 468 882 888 
469 <158,58> 3 470 472 477 
471 <162,54> 3 472 477 893 
473 <168,57> 3 477 478 1002 
474 <172,59> 3 478 1002 1007 
475 <172,63> 3 478 481 1007 
476 <168,53> 3 477 893 1002 
483 <192,92> 3 486 538 541 
484 <188,95> 3 486 525 538 
485 <188,82> 3 486 541 544 
487 <195,105> 3 525 532 538 
488 <206,106> 3 532 534 545 
490 <216,148> 3 491 549 550 
492 <227,137> 3 501 507 549 
493 <222,134> 3 507 549 1184 
494 <231,132> 3 501 507 511 
495 <238,132> 3 499 501 511 
496 <246,131> 3 247 499 779 
498 <238,141> 3 169 499 501 
502 <231,123> 3 507 511 523 
503 <227,118> 3 507 522 523 
504 <222,118> 3 507 517 522 
505 <218,128> 3 507 1184 1187 
506 <218,123> 3 507 517 1187 
508 <234,117> 3 511 523 843 
509 <240,114> 3 515 840 843 
510 <238,118> 3 511 515 843 
512 <249,127> 3 247 779 787 
513 <247,117> 3 246 515 840 
514 <253,129> 3 779 783 787 
516 <216,114> 3 517 522 534 
518 <218,108> 3 522 534 610 
519 <225,108> 3 522 610 844 
520 <232,109> 3 523 843 844 
521 <227,111> 3 522 523 844 
524 <193,108> 3 525 526 532 
527 <202,104> 3 532 538 545 
528 <202,100> 3 538 545 547 
529 <196,95> 3 538 541 547 
530 <207,113> 3 394 532 534 
533 <214,103> 3 534 545 610 
535 <219,93> 3 545 850 867 
536 <219,99> 3 545 610 850 
537 <206,95> 3 545 547 849 
539 <196,80> 3 541 544 832 
540 <200,88> 3 541 547 832 
542 <196,73> 3 544 830 832 
543 <191,68> 3 544 830 1183 
546 <205,87> 3 547 832 849 
548 <218,140> 3 549 550 1184 
551 <241,103> 3 840 843 915 
553 <143,229> 3 555 930 975 
556 <154,230> 3 559 936 975 
557 <166,223> 3 559 563 594 
558 <164,228> 3 559 594 936 
560 <175,212> 3 563 565 577 
561 <179,215> 3 563 577 586 
562 <177,220> 3 563 586 594 
566 <183,204> 3 567 570 577 
568 <191,201> 3 570 573 580 
569 <187,206> 3 570 577 580 
571 <198,202> 3 573 580 907 
572 <203,199> 3 573 907 910 
576 <188,210> 3 577 580 586 
578 <193,212> 3 580 586 591 
579 <199,207> 3 580 591 907 
581 <183,226> 3 586 594 638 
583 <195,225> 3 586 638 771 
584 <198,222> 3 586 636 771 
585 <197,217> 3 586 591 636 
587 <205,213> 3 591 636 908 
588 <204,209> 3 591 907 908 
589 <209,222> 3 636 765 774 
590 <216,227> 3 765 774 963 
592 <179,231> 3 594 638 642 
593 <169,232> 3 594 642 936 
595 <181,235> 3 638 642 973 
596 <195,235> 3 638 771 971 
598 <79,170> 3 600 601 618 
599 <75,168> 3 600 618 645 
602 <49,153> 3 672 673 1188 
603 <85,203> 3 605 715 734 
604 <96,215> 3 607 734 737 
606 <56,184> 3 712 925 926 
608 <81,214> 3 734 739 740 
609 <225,101> 3 610 844 850 
611 <215,91> 3 545 849 867 
615 <66,178> 3 618 710 712 
616 <68,181> 3 618 712 714 
617 <71,170> 3 618 645 710 
619 <77,199> 3 715 718 721 
620 <79,109> 3 623 679 687 
621 <83,100> 3 623 632 689 
622 <88,98> 3 623 626 632 
624 <63,93> 3 691 1069 1070 
625 <88,92> 3 626 629 632 
627 <84,90> 3 629 632 694 
628 <83,83> 3 629 694 696 
630 <74,93> 3 632 691 694 
631 <71,98> 3 632 689 691 
634 <204,224> 3 636 771 774 
637 <186,236> 3 638 971 973 
639 <169,236> 3 642 936 987 
640 <165,239> 3 936 987 1060 
641 <174,238> 3 642 973 987 
643 <67,162> 3 645 650 710 
644 <71,157> 3 147 645 650 
646 <61,166> 3 650 709 710 
647 <57,159> 3 650 672 709 
648 <51,158> 3 672 709 1188 
649 <61,154> 3 650 662 672 
651 <65,143> 3 661 662 665 
652 <61,145> 3 662 665 672 
653 <68,139> 3 660 661 665 
654 <64,131> 3 660 665 668 
655 <66,127> 3 659 660 668 
656 <62,121> 3 659 668 723 
657 <67,117> 3 659 687 723 
658 <72,117> 3 659 679 687 
663 <57,141> 3 665 672 678 
664 <59,134> 3 665 668 678 
666 <55,127> 3 668 678 1151 
667 <59,121> 3 668 723 1151 
669 <52,142> 3 672 673 678 
670 <49,134> 2 673 678 
676 <45,153> 2 673 1188 
677 <51,123> 2 678 1151 
680 <69,106> 3 686 687 689 
681 <66,110> 3 686 687 723 
682 <59,112> 3 686 723 1151 
683 <67,101> 3 686 689 691 
684 <62,101> 3 686 691 1069 
685 <58,103> 3 686 1069 1149 
688 <80,104> 3 623 687 689 
690 <69,89> 3 691 694 1070 
692 <70,85> 3 694 1070 1170 
693 <77,80> 3 694 696 700 
695 <87,71> 3 434 696 703 
697 <77,73> 3 696 700 703 
698 <63,78> 2 700 1170 
699 <68,71> 2 700 703 
701 <76,62> 2 703 704 
705 <57,171> 3 709 710 926 
706 <58,176> 3 710 712 926 
707 <51,168> 2 709 926 
708 <47,160> 2 709 1188 
711 <63,187> 3 712 718 925 
713 <77,192> 3 714 715 718 
716 <79,202> 3 715 721 734 
717 <67,194> 3 718 721 925 
719 <65,200> 2 721 925 
720 <78,208> 3 721 734 740 
722 <69,206> 2 721 740 
724 <130,231> 3 727 930 984 
725 <126,233> 3 727 741 984 
726 <123,237> 3 741 984 985 
728 <129,245> 3 979 985 1189 
729 <108,231> 3 732 741 747 
730 <116,239> 3 741 742 985 
731 <96,227> 3 732 737 747 
733 <86,217> 3 734 737 739 
735 <91,234> 2 737 747 
736 <83,227> 2 737 739 
738 <76,218> 2 739 740 
743 <117,244> 3 742 985 1063 
744 <111,248> 2 742 1124 
745 <103,244> 2 742 747 
746 <110,236> 3 741 742 747 
748 <116,264> 2 1121 1132 
752 <244,191> 3 241 750 815 
753 <234,191> 3 241 756 903 
754 <220,188> 3 901 903 904 
755 <223,190> 3 756 901 903 
757 <224,199> 3 756 761 901 
758 <216,201> 3 761 901 909 
759 <216,211> 3 761 908 909 
760 <225,214> 3 761 764 765 
762 <219,214> 3 761 765 908 
763 <231,221> 3 764 955 957 
766 <220,226> 3 765 957 963 
767 <205,231> 3 771 774 967 
768 <205,247> 3 967 1048 1104 
769 <212,239> 3 963 967 1048 
770 <198,243> 3 967 971 993 
772 <210,232> 3 774 963 967 
773 <199,239> 3 771 967 971 
775 <213,218> 3 636 765 908 
776 <252,140> 3 779 788 790 
777 <257,142> 3 788 790 809 
778 <254,134> 3 779 783 788 
780 <258,126> 3 783 787 814 
781 <261,133> 3 783 788 811 
782 <263,128> 3 783 811 814 
784 <260,118> 3 246 814 822 
786 <252,110> 3 246 840 913 
789 <260,147> 3 790 792 809 
793 <267,140> 3 800 809 811 
794 <266,146> 3 792 800 809 
796 <262,165> 3 282 795 807 
798 <273,135> 3 800 811 821 
799 <279,136> 2 800 821 
801 <275,171> 3 807 808 1039 
802 <271,181> 3 807 1027 1039 
803 <265,183> 3 806 807 1027 
805 <259,192> 3 806 815 999 
810 <272,130> 3 811 814 821 
812 <271,120> 3 814 821 822 
813 <278,118> 2 821 822 
817 <268,150> 3 792 795 800 
818 <279,106> 2 822 919 
819 <263,102> 3 913 918 919 
820 <252,105> 3 840 913 918 
823 <249,103> 3 840 915 918 
824 <237,99> 3 844 859 915 
825 <193,63> 3 830 839 1183 
826 <203,62> 3 830 839 874 
827 <207,66> 3 830 871 874 
828 <209,72> 3 830 869 871 
829 <205,76> 3 830 832 869 
831 <208,83> 3 832 849 869 
833 <203,54> 3 839 874 1013 
834 <196,52> 3 839 1012 1013 
835 <190,51> 3 839 1011 1012 
836 <184,51> 3 839 1004 1011 
837 <184,56> 3 839 1004 1183 
841 <231,96> 3 844 850 854 
845 <225,91> 3 850 854 867 
846 <223,86> 3 854 867 868 
847 <217,84> 3 849 867 868 
848 <214,80> 3 849 868 869 
851 <234,96> 3 844 854 859 
852 <235,87> 3 854 859 864 
853 <229,82> 3 854 864 868 
855 <242,83> 3 859 864 1024 
857 <248,84> 3 859 922 1024 
858 <244,94> 3 859 915 922 
860 <243,78> 3 864 1023 1024 
861 <239,71> 3 864 1015 1023 
863 <230,74> 3 864 868 1015 
865 <215,73> 3 868 869 871 
866 <220,69> 3 868 871 878 
870 <215,62> 3 871 874 878 
872 <212,48> 2 874 1013 
873 <218,50> 2 874 878 
875 <227,60> 3 878 1015 1020 
876 <223,48> 2 878 1020 
877 <225,68> 3 868 878 1015 
879 <144,35> 3 882 884 1161 
880 <157,31> 3 882 1155 1161 
881 <164,35> 3 882 888 1155 
883 <138,30> 2 884 1161 
885 <172,34> 2 888 1155 
886 <174,37> 2 888 895 
887 <168,44> 3 888 893 895 
889 <162,50> 3 472 888 893 
890 <162,64> 3 470 477 478 
891 <172,49> 3 893 895 1002 
892 <180,47> 3 895 1004 1011 
894 <179,38> 2 895 1011 
896 <248,212> 3 943 952 997 
897 <211,181> 3 71 904 910 
898 <235,217> 3 764 943 955 
899 <212,196> 3 901 909 910 
900 <215,188> 3 901 904 910 
902 <222,179> 3 351 903 904 
905 <206,200> 3 907 909 910 
906 <209,206> 3 907 908 909 
911 <258,114> 3 246 822 913 
912 <269,107> 3 822 913 919 
914 <252,95> 3 915 918 922 
916 <268,95> 2 918 919 
917 <264,89> 2 918 922 
920 <252,80> 2 922 1024 
921 <240,63> 2 1015 1023 
923 <181,57> 3 1004 1007 1183 
924 <176,56> 3 1002 1004 1007 
928 <135,233> 3 930 979 984 
929 <140,233> 3 930 975 979 
931 <152,234> 3 936 975 976 
932 <140,238> 3 975 976 979 
933 <138,244> 3 976 979 1128 
934 <146,242> 3 976 1058 1128 
935 <155,237> 3 936 976 1058 
937 <176,243> 3 973 987 995 
938 <176,248> 3 987 995 1136 
939 <169,245> 3 987 1060 1078 
940 <158,249> 3 1055 1060 1073 
941 <157,245> 3 1055 1058 1060 
942 <240,218> 3 943 952 955 
945 <265,196> 3 999 1000 1027 
946 <260,204> 3 997 999 1000 
947 <270,202> 2 1000 1033 
948 <260,210> 2 997 1000 
949 <241,222> 3 952 955 1045 
950 <250,220> 2 952 1045 
951 <252,215> 2 952 997 
953 <233,226> 3 955 957 961 
954 <238,227> 3 955 961 1045 
956 <224,230> 3 957 961 963 
958 <239,231> 2 961 1045 
960 <223,237> 3 961 963 1105 
965 <227,240> 2 961 1105 
966 <200,246> 3 967 993 1104 
968 <186,241> 3 971 973 994 
970 <191,249> 3 993 994 1102 
972 <182,245> 3 973 994 995 
974 <131,273> 2 1113 1115 
977 <129,238> 3 979 984 985 
978 <133,248> 3 979 1128 1189 
980 <150,251> 3 983 1055 1058 
981 <141,258> 3 983 1110 1111 
982 <149,256> 3 983 1054 1055 
986 <123,250> 3 1063 1122 1189 
988 <186,249> 3 994 995 1102 
989 <179,251> 3 995 1096 1136 
990 <196,253> 2 1102 1104 
991 <196,250> 3 993 1102 1104 
992 <190,243> 3 971 993 994 
996 <188,260> 2 1094 1096 
998 <264,191> 3 806 999 1027 
1001 <177,49> 3 895 1002 1004 
1006 <183,67> 3 482 1007 1183 
1008 <175,75> 3 364 481 482 
1009 <190,42> 2 1011 1012 
1010 <202,44> 2 1012 1013 
1014 <235,58> 2 1015 1020 
1021 <247,73> 2 1023 1024 
1025 <269,198> 3 1000 1027 1033 
1026 <275,183> 3 1027 1036 1039 
1028 <274,192> 3 1027 1033 1036 
1030 <280,205> 1 1033 
1032 <282,192> 2 1033 1036 
1034 <284,180> 2 1036 1039 
1037 <280,164> 3 808 1039 1043 
1038 <287,163> 2 1039 1043 
1041 <288,150> 1 1043 
1042 <283,146> 2 800 1043 
1044 <249,226> 1 1045 
1046 <216,247> 2 1048 1105 
1047 <217,240> 3 963 1048 1105 
1049 <154,256> 3 1054 1055 1073 
1050 <158,261> 3 1054 1073 1083 
1051 <148,267> 3 1054 1110 1116 
1052 <146,259> 3 983 1054 1110 
1053 <153,268> 3 1054 1083 1116 
1057 <160,239> 3 936 1058 1060 
1059 <164,248> 3 1060 1073 1078 
1061 <116,247> 3 742 1063 1124 
1062 <122,246> 3 985 1063 1189 
1064 <119,250> 3 1063 1122 1124 
1066 <60,85> 3 1070 1148 1170 
1067 <60,90> 3 1069 1070 1148 
1068 <56,95> 3 1069 1148 1149 
1071 <162,260> 3 1073 1079 1083 
1072 <166,253> 3 1073 1078 1079 
1074 <166,266> 3 1079 1083 1086 
1075 <171,263> 3 1079 1086 1092 
1076 <173,257> 3 1079 1092 1136 
1077 <177,256> 3 1092 1096 1136 
1080 <157,273> 3 1083 1089 1116 
1081 <164,270> 3 1083 1086 1089 
1084 <177,269> 3 1086 1089 1094 
1085 <177,263> 3 1086 1092 1094 
1087 <158,279> 2 1089 1116 
1091 <183,259> 3 1092 1094 1096 
1095 <181,271> 2 1089 1094 
1097 <190,256> 2 1096 1102 
1098 <184,252> 3 995 1096 1102 
1099 <113,255> 2 1124 1132 
1101 <148,277> 2 1113 1116 
1103 <208,250> 2 1048 1104 
1106 <137,261> 3 1110 1111 1115 
1107 <139,267> 3 1110 1113 1115 
1108 <147,272> 3 1110 1113 1116 
1109 <128,266> 3 1115 1120 1121 
1112 <126,272> 2 1115 1121 
1114 <132,261> 3 1111 1115 1120 
1118 <117,255> 3 1122 1124 1132 
1119 <127,254> 3 1111 1122 1189 
1125 <145,247> 3 983 1058 1128 
1126 <137,252> 3 983 1111 1128 
1127 <132,252> 3 1111 1128 1189 
1129 <121,258> 3 1120 1122 1132 
1130 <129,258> 3 1111 1120 1122 
1131 <122,263> 3 1120 1121 1132 
1134 <170,254> 3 1078 1079 1136 
1135 <171,248> 3 987 1078 1136 
1137 <56,108> 3 686 1149 1151 
1138 <51,108> 2 1149 1151 
1144 <51,96> 2 1148 1149 
1146 <52,84> 1 1148 
1147 <56,82> 2 1148 1170 
1152 <158,23> 1 1155 
1159 <152,26> 2 1155 1161 
1169 <71,81> 3 694 700 1170 
1179 <91,102> 3 623 626 1181 
1180 <98,104> 3 392 1181 1182 
1185 <212,133> 3 1184 1186 1187 
1203
308 731
248 729
179 183
729 731
608 720
96 183
184 185
182 184
604 733
174 182
608 733
735 736
177 185
733 736
949 954
953 954
763 953
763 898
731 735
736 738
608 738
160 186
722 738
183 186
730 746
953 956
729 746
766 956
251 766
251 763
186 187
744 745
745 746
97 187
187 191
190 191
735 745
159 190
958 965
960 965
956 960
184 188
954 958
960 1047
769 1047
769 772
590 766
189 192
192 194
178 194
215 757
182 189
191 193
98 199
193 199
237 760
193 197
760 762
195 197
251 760
190 195
768 966
770 966
770 773
768 769
199 200
93 200
770 992
968 992
637 968
596 637
937 972
641 937
595 641
595 637
968 972
931 932
929 932
118 553
118 556
158 204
933 934
932 933
934 935
195 209
201 207
207 208
157 208
194 201
933 978
728 978
728 977
928 977
197 212
981 1126
1125 1126
980 1125
980 982
982 1052
981 1052
202 214
200 202
726 977
725 726
724 725
728 1062
743 1062
730 743
726 730
938 1135
939 1135
640 939
639 641
937 938
202 216
91 216
970 991
970 992
966 991
218 220
216 217
217 218
970 988
972 988
988 1098
989 1098
938 989
946 948
948 951
244 252
254 946
114 119
119 120
945 998
945 946
947 948
945 1025
947 1025
924 1001
474 924
473 474
473 476
232 233
121 233
119 228
228 230
230 231
231 232
836 892
837 923
923 924
233 235
235 236
9 236
234 237
215 237
215 222
222 225
225 229
923 1006
363 1006
363 475
474 475
16 238
236 238
227 228
115 226
226 227
225 239
222 753
188 198
188 752
894 1009
835 1009
1009 1010
834 1010
230 243
227 241
242 243
872 1010
161 513
875 1014
921 1014
861 921
264 496
245 264
224 245
248 249
249 250
232 250
231 246
246 247
247 248
243 246
253 258
258 260
46 260
46 240
240 253
860 1021
920 1021
802 1026
1026 1028
1025 1028
257 258
256 257
255 256
255 259
259 260
218 219
219 255
94 256
223 257
223 339
90 339
1028 1032
1030 1032
947 1030
1032 1034
1026 1034
185 269
175 267
267 268
268 269
1034 1038
1037 1038
261 262
262 263
263 270
46 270
259 261
213 267
1038 1041
1041 1042
958 1044
950 1044
269 271
268 273
1046 1047
1046 1103
768 1103
261 272
219 277
272 277
1050 1053
1051 1053
1051 1052
982 1049
1049 1050
941 980
940 941
940 1049
18 285
284 285
139 284
941 1057
934 1125
285 286
17 287
286 287
940 1059
939 1059
291 370
262 370
272 288
288 291
986 1064
1061 1064
743 1061
986 1062
296 297
292 296
286 292
287 297
282 298
288 298
277 282
685 1068
1067 1068
624 1067
624 684
684 685
692 1066
690 692
624 690
1066 1067
238 299
297 299
235 300
299 300
1071 1072
1050 1071
1059 1072
250 301
300 301
89 304
304 307
86 307
88 89
216 307
1072 1134
1134 1135
1075 1076
1074 1075
1071 1074
1076 1134
304 305
217 305
305 310
282 310
1080 1081
1053 1080
1074 1081
310 314
89 313
313 314
314 315
315 318
298 318
1084 1085
1081 1084
1075 1085
318 319
319 321
291 321
1080 1087
1084 1095
1077 1091
1085 1091
1076 1077
996 1091
996 1095
323 324
321 323
319 322
322 325
324 325
989 1077
1097 1098
996 1097
87 327
82 327
330 332
83 330
332 334
990 1097
990 991
50 337
332 337
69 336
50 336
990 1103
965 1046
129 339
129 341
126 341
1107 1108
1106 1107
981 1106
1051 1108
1119 1130
1119 1127
1126 1127
1106 1114
1114 1130
1101 1108
974 1107
201 343
192 346
342 346
342 343
974 1112
1109 1112
1109 1114
1087 1101
346 348
70 347
342 347
189 350
1129 1130
1109 1131
1129 1131
748 1112
748 1131
1118 1129
1064 1118
986 1119
38 353
347 353
1099 1118
744 1099
744 1061
344 355
343 344
353 355
355 357
136 357
978 1127
748 1099
360 1008
240 360
270 359
359 1008
359 365
263 366
365 366
368 369
366 369
368 370
368 372
323 372
374 375
372 375
324 374
1144 1146
1146 1147
1066 1147
1068 1144
1138 1144
685 1137
1137 1138
379 382
357 379
341 382
682 1137
667 682
666 667
666 677
677 1138
10 11
9 10
8 9
7 8
880 1159
7 12
1152 1159
11 12
767 773
328 330
596 773
328 397
583 596
327 397
583 584
584 634
634 767
767 772
390 391
389 391
589 634
328 389
589 590
328 1180
590 772
390 1180
512 514
883 1159
514 778
776 778
265 776
265 496
386 387
496 512
382 387
781 782
778 781
129 384
514 780
384 530
780 782
385 530
385 386
8 13
395 396
13 14
313 396
0 14
0 3
3 7
224 512
395 397
161 224
329 395
161 196
196 780
329 389
283 781
698 1147
283 777
698 1169
776 777
692 1169
17 18
18 19
14 19
396 402
13 16
16 17
329 400
151 156
400 401
156 206
401 402
20 206
315 403
15 20
15 152
151 152
777 789
266 789
402 403
165 266
322 405
164 165
164 265
794 817
403 405
279 817
401 409
213 279
408 409
213 266
393 408
393 405
789 794
21 23
2 23
1 2
0 1
337 1180
50 1179
19 21
390 1179
281 817
274 281
274 796
279 796
25 29
391 413
25 28
412 413
2 28
400 412
22 23
22 29
30 140
140 152
362 543
15 26
362 1006
26 30
793 794
793 798
493 505
798 799
493 548
799 1042
380 548
280 1042
380 1185
280 281
505 1185
387 1185
22 31
379 380
21 32
409 415
31 32
803 998
805 998
275 805
412 415
271 275
271 276
276 803
35 36
386 506
36 37
505 506
29 37
676 708
602 676
602 648
31 34
648 708
34 35
801 802
802 803
273 276
273 796
393 418
274 801
418 420
280 1037
325 420
801 1037
420 421
421 422
37 39
374 422
24 39
24 25
419 427
419 423
418 423
283 793
782 810
408 426
798 810
426 427
416 429
426 429
41 44
27 41
415 416
24 27
431 432
432 459
39 44
427 459
810 812
429 695
431 695
196 784
437 438
784 812
423 438
43 44
419 436
435 436
435 437
36 42
438 440
42 43
421 440
254 805
252 254
239 252
239 752
275 752
443 444
38 40
422 444
33 38
26 33
440 442
20 45
40 45
812 813
799 813
437 447
447 448
449 451
813 818
447 451
784 911
451 454
911 912
818 912
52 53
43 53
435 456
454 456
42 47
433 459
47 51
433 436
51 52
49 334
51 334
47 48
48 49
54 55
433 458
30 54
456 458
33 55
432 462
458 462
444 465
35 57
303 465
56 57
303 375
48 56
58 173
100 173
100 140
378 465
54 58
826 827
827 828
828 829
542 829
542 543
303 469
543 825
469 890
825 826
369 890
60 61
61 62
469 471
62 64
56 64
57 59
59 60
829 831
473 890
546 831
540 546
539 540
539 542
64 65
49 65
365 475
65 69
363 1008
62 67
67 68
68 69
834 835
361 362
833 834
360 361
826 833
825 837
836 837
483 485
835 836
483 484
66 897
253 484
63 897
58 63
361 485
55 70
344 490
66 70
207 490
820 823
786 820
513 786
509 513
509 551
551 823
508 510
508 520
495 498
278 520
264 495
278 551
494 495
509 510
73 74
72 73
208 492
71 72
492 494
27 71
503 504
502 503
41 74
494 502
519 609
609 841
492 493
841 851
824 851
278 824
504 506
520 521
502 508
519 521
53 76
245 510
74 76
831 848
847 848
611 847
537 611
537 546
76 77
77 79
385 516
79 80
504 516
73 80
518 519
503 521
536 609
535 536
516 518
535 845
841 845
212 214
214 220
220 221
81 221
81 211
484 487
211 212
487 524
77 82
223 524
52 83
82 83
384 524
852 853
851 852
487 527
845 846
488 527
846 853
488 530
86 88
85 86
80 85
488 533
79 87
518 533
87 88
855 857
857 858
824 858
852 855
85 91
483 529
91 93
528 529
92 93
527 528
72 92
529 540
90 94
485 539
84 90
81 84
94 221
861 863
860 861
855 860
533 536
853 863
846 847
528 537
535 611
97 98
96 97
95 96
71 95
92 98
865 866
866 877
863 877
490 548
848 865
828 865
117 147
147 148
148 226
116 117
827 870
866 870
870 873
118 148
833 872
147 557
872 873
557 558
105 106
106 107
102 107
102 103
103 104
557 562
104 105
84 99
117 560
99 108
560 561
78 108
561 562
78 210
141 169
210 211
873 876
875 876
109 169
875 877
170 560
111 112
104 112
169 170
170 566
11 103
12 110
110 111
880 881
167 566
467 881
566 569
443 467
443 445
445 879
879 880
171 568
204 209
568 569
209 210
78 205
568 571
204 205
172 352
108 113
75 113
75 203
203 205
879 883
561 576
442 445
442 448
448 449
449 883
569 576
45 75
578 579
576 578
203 206
885 886
886 887
887 889
584 585
378 889
378 467
581 583
562 581
881 885
102 120
120 121
10 121
578 585
585 587
887 891
476 891
471 476
581 592
471 889
592 593
123 124
109 123
105 109
292 293
293 294
112 125
284 294
124 125
891 1001
144 599
886 894
892 894
892 1001
125 127
138 598
598 599
111 128
290 294
127 128
290 598
113 122
99 126
122 126
301 302
757 758
302 603
758 899
296 603
899 900
754 900
754 755
755 757
302 604
754 902
350 902
198 350
198 753
249 308
753 755
308 604
897 900
66 348
615 617
348 902
599 617
134 135
133 134
130 133
290 616
130 131
615 616
131 132
621 688
132 135
621 622
622 1179
122 136
40 136
336 620
620 688
413 625
133 137
137 154
127 154
622 625
128 130
627 628
905 906
416 628
588 906
579 588
571 579
571 572
572 905
625 627
627 630
5 110
5 131
621 631
630 631
759 906
759 762
589 775
762 775
587 775
587 588
138 139
138 143
34 143
592 595
32 139
899 905
758 759
617 643
643 644
3 4
4 5
646 647
647 649
145 649
352 572
63 352
643 646
656 657
657 658
819 912
68 658
786 911
67 655
655 656
819 820
823 914
61 653
653 654
654 655
858 914
651 653
145 644
145 146
60 146
146 651
59 142
651 652
142 144
144 644
649 652
654 664
142 143
115 116
652 663
114 115
663 664
107 114
656 667
106 141
116 141
914 917
916 917
664 666
819 916
647 648
602 669
818 916
663 669
669 670
151 155
154 155
137 149
670 677
149 156
857 920
917 920
717 719
606 719
606 711
711 717
620 658
149 150
683 684
680 683
134 150
680 681
705 707
681 682
705 706
606 706
657 681
606 707
159 160
680 688
158 159
150 158
135 160
631 683
928 929
724 928
242 724
241 242
241 553
553 929
155 163
630 690
124 163
693 1169
628 693
100 162
693 697
162 163
695 697
639 640
640 1057
935 1057
931 935
698 699
556 931
697 699
556 558
558 593
593 639
162 166
166 167
699 701
123 167
431 701
462 701
165 168
153 168
153 157
707 708
157 498
164 498
166 171
646 705
172 173
171 172
896 942
615 706
898 942
234 898
229 234
229 244
244 896
6 132
306 616
306 711
306 713
4 176
6 176
293 713
619 716
1 181
619 713
176 181
28 180
180 181
603 716
619 717
174 177
174 178
153 178
168 175
719 722
175 177
101 180
101 179
6 179
716 720
720 722
949 950
942 949
896 951
247 725
950 951
95 101


