wt2.png
DAT1.0
991
0 <354,119> 3 1 423 424 
1 <322,239> 3 42 44 143 
2 <310,234> 3 42 43 44 
3 <310,226> 3 42 43 54 
4 <306,223> 3 43 54 89 
5 <294,231> 3 43 89 90 
6 <299,242> 3 43 44 90 
7 <300,252> 3 44 82 90 
8 <314,256> 3 44 45 82 
9 <320,251> 3 44 45 143 
10 <313,265> 3 45 82 253 
11 <358,140> 3 12 13 424 
12 <325,272> 3 45 76 253 
13 <345,259> 3 45 76 187 
14 <405,219> 3 165 526 568 
15 <342,253> 3 45 143 187 
16 <316,48> 3 17 113 228 
17 <345,228> 3 96 106 143 
18 <354,236> 3 106 143 592 
19 <360,232> 3 106 144 592 
20 <368,225> 3 106 108 144 
21 <374,225> 3 108 144 145 
22 <297,35> 3 113 700 724 
25 <387,229> 3 145 165 571 
26 <397,230> 3 165 568 571 
27 <365,219> 3 105 106 108 
28 <355,215> 3 96 105 106 
29 <354,208> 3 96 97 105 
30 <361,204> 3 97 104 105 
31 <365,206> 3 104 105 112 
32 <369,214> 3 105 108 112 
33 <338,227> 3 42 96 143 
34 <332,214> 3 42 56 96 
35 <342,203> 3 56 96 97 
36 <327,193> 3 56 100 139 
37 <342,195> 3 56 97 100 
38 <349,186> 3 97 100 222 
39 <356,187> 3 97 104 222 
40 <324,216> 3 42 54 56 
41 <317,207> 3 54 56 137 
42 <364,115> 3 423 424 425 
43 <396,112> 3 425 448 701 
44 <374,104> 3 423 425 448 
45 <370,92> 3 423 448 697 
46 <357,90> 3 423 697 698 
47 <297,216> 3 54 89 677 
48 <296,211> 3 54 136 677 
49 <307,205> 3 54 136 137 
50 <287,227> 3 89 95 677 
51 <284,206> 3 136 185 677 
52 <285,198> 3 136 181 185 
53 <302,198> 3 136 137 181 
54 <337,80> 3 698 699 733 
55 <321,195> 3 56 137 139 
56 <351,74> 3 697 698 733 
57 <314,181> 3 137 139 180 
58 <309,184> 3 137 180 181 
59 <317,174> 3 139 173 180 
60 <325,174> 3 139 173 174 
61 <330,177> 3 100 139 174 
62 <350,61> 3 319 733 735 
63 <375,255> 3 188 592 603 
64 <361,251> 3 187 188 592 
65 <354,267> 3 76 188 256 
66 <367,269> 3 146 188 256 
67 <378,252> 3 142 592 603 
68 <383,269> 3 146 596 603 
69 <383,278> 3 146 164 596 
70 <369,280> 3 146 238 256 
71 <376,287> 3 146 164 238 
72 <364,73> 3 697 735 738 
73 <374,266> 3 146 188 603 
74 <330,280> 3 76 253 255 
75 <341,280> 3 76 255 256 
76 <321,77> 3 17 391 699 
77 <304,276> 3 82 226 253 
79 <290,255> 3 82 86 90 
80 <290,262> 3 82 86 119 
81 <295,276> 3 82 119 226 
82 <327,72> 3 17 699 733 
83 <278,250> 3 86 90 233 
84 <269,256> 3 86 233 237 
85 <272,263> 3 86 119 237 
86 <239,126> 3 387 416 417 
87 <278,236> 3 90 95 233 
88 <288,232> 3 89 90 95 
89 <232,110> 3 387 417 419 
90 <240,105> 3 387 389 419 
91 <264,232> 3 95 233 246 
92 <255,222> 3 95 246 302 
93 <256,211> 3 95 185 302 
94 <277,213> 3 95 185 677 
95 <255,115> 3 387 389 390 
96 <219,107> 3 415 417 419 
97 <256,91> 3 99 389 396 
98 <241,96> 3 389 396 419 
99 <341,177> 3 100 174 222 
100 <221,414> 3 111 793 825 
101 <365,184> 3 104 222 276 
102 <377,200> 3 104 112 278 
103 <374,191> 3 104 276 278 
104 <192,221> 3 107 247 257 
105 <196,409> 2 110 825 
106 <185,399> 3 110 764 831 
107 <378,218> 3 108 112 145 
108 <306,30> 3 113 315 724 
110 <383,216> 3 112 145 165 
111 <387,210> 3 112 165 278 
112 <232,294> 3 140 141 428 
113 <327,286> 3 253 254 255 
114 <317,291> 3 253 254 464 
115 <309,288> 3 226 253 464 
116 <269,268> 3 119 131 237 
117 <275,279> 3 119 127 131 
118 <284,281> 3 119 127 226 
119 <235,298> 3 141 166 428 
120 <290,294> 3 127 226 464 
121 <290,298> 3 127 464 467 
122 <297,309> 3 464 467 722 
123 <279,303> 3 127 134 467 
124 <266,286> 3 127 131 134 
125 <273,312> 3 134 457 467 
126 <279,319> 3 457 467 752 
127 <222,289> 3 140 428 690 
128 <260,287> 3 131 134 141 
129 <251,281> 3 131 141 241 
130 <255,270> 3 131 237 241 
131 <225,279> 3 138 140 690 
132 <254,299> 3 134 141 166 
133 <261,313> 3 134 166 457 
134 <111,248> 3 858 901 903 
135 <294,315> 3 467 722 752 
136 <315,37> 3 113 228 315 
137 <237,439> 1 793 
138 <291,176> 3 180 197 198 
139 <69,461> 0 
140 <366,169> 3 13 222 276 
141 <400,206> 3 165 278 513 
142 <406,211> 3 165 513 526 
144 <215,335> 3 430 439 444 
145 <246,321> 3 166 445 446 
146 <233,318> 3 166 430 445 
147 <376,293> 3 164 238 511 
148 <263,387> 3 149 712 807 
149 <376,312> 3 262 511 572 
150 <388,310> 3 262 503 511 
152 <389,298> 3 164 503 511 
153 <394,317> 3 262 271 503 
154 <403,317> 3 271 503 563 
155 <406,313> 3 503 560 563 
156 <418,316> 3 560 563 565 
157 <408,301> 3 499 503 560 
158 <419,292> 3 499 547 560 
159 <416,282> 3 499 547 566 
160 <406,281> 3 499 566 574 
161 <400,293> 3 499 503 574 
162 <499,339> 3 1130 1131 1179 
163 <389,276> 3 164 574 596 
164 <227,311> 3 166 428 430 
165 <256,318> 3 166 446 457 
166 <340,155> 3 12 173 174 
167 <344,158> 3 12 174 222 
168 <354,158> 3 12 13 222 
169 <385,183> 3 276 278 283 
170 <325,151> 3 2 173 223 
171 <55,423> 0 
172 <311,160> 3 173 180 223 
173 <249,337> 3 445 446 481 
174 <262,343> 3 446 481 638 
175 <253,205> 3 185 212 302 
176 <274,190> 3 185 198 212 
177 <283,193> 3 181 185 198 
178 <292,180> 3 180 181 198 
179 <294,163> 3 180 196 197 
180 <266,336> 3 446 457 638 
181 <278,336> 3 457 638 751 
182 <282,329> 3 457 751 752 
183 <522,334> 3 1109 1114 1130 
184 <251,181> 3 101 212 213 
185 <426,148> 3 506 637 678 
186 <335,45> 3 228 319 687 
187 <410,139> 3 637 678 701 
188 <432,171> 3 506 509 510 
189 <266,179> 3 198 212 213 
190 <274,171> 3 197 198 213 
191 <274,164> 3 197 213 214 
192 <284,161> 3 196 197 214 
193 <284,153> 3 196 214 220 
194 <296,144> 3 196 207 220 
195 <304,147> 3 196 207 223 
196 <440,188> 3 509 510 519 
197 <436,194> 3 510 513 519 
198 <439,207> 3 513 519 525 
199 <428,213> 3 513 525 526 
200 <317,143> 3 2 207 223 
201 <324,134> 3 2 207 211 
202 <331,128> 3 1 2 211 
203 <340,136> 3 1 2 12 
204 <336,150> 3 2 12 173 
205 <291,135> 3 207 220 225 
206 <305,129> 3 207 211 225 
207 <431,227> 3 525 526 544 
208 <307,116> 3 211 225 362 
209 <312,111> 3 211 219 362 
210 <332,119> 3 1 211 219 
211 <423,230> 3 526 544 568 
212 <311,101> 3 219 362 391 
213 <321,90> 3 224 391 699 
214 <334,90> 3 224 698 699 
215 <345,101> 3 224 423 698 
216 <318,96> 3 219 224 391 
217 <337,112> 3 1 219 224 
218 <344,111> 3 1 224 423 
219 <277,138> 3 220 221 225 
220 <351,137> 3 1 12 424 
221 <367,141> 3 13 286 424 
222 <337,35> 3 228 687 753 
223 <325,29> 3 228 315 753 
224 <326,24> 2 315 753 
225 <294,90> 3 362 368 391 
226 <296,80> 3 366 368 391 
227 <302,69> 3 0 366 391 
228 <310,68> 3 0 17 391 
229 <246,262> 3 236 237 241 
230 <257,250> 3 233 236 237 
231 <253,245> 3 233 236 308 
232 <251,241> 3 233 246 308 
233 <368,305> 3 238 511 572 
234 <241,261> 3 236 241 317 
235 <243,251> 3 236 308 317 
236 <363,307> 3 238 512 572 
237 <403,270> 3 566 574 600 
238 <234,263> 3 138 241 317 
239 <232,275> 3 138 140 241 
240 <241,281> 3 140 141 241 
241 <345,316> 3 512 671 676 
242 <228,240> 3 308 317 321 
243 <229,236> 3 307 308 321 
244 <244,233> 3 246 307 308 
245 <246,224> 3 246 302 307 
246 <191,226> 3 247 257 685 
247 <349,289> 3 238 255 256 
248 <350,298> 3 238 255 512 
249 <343,301> 3 254 255 512 
250 <338,306> 3 254 512 676 
251 <324,308> 3 254 676 722 
252 <319,299> 3 254 464 722 
253 <178,231> 3 257 684 685 
254 <171,227> 3 257 299 684 
255 <170,212> 3 257 299 594 
256 <175,207> 3 257 594 595 
257 <353,317> 3 512 572 671 
258 <372,337> 3 262 268 589 
259 <385,333> 3 262 268 271 
260 <365,326> 3 262 572 590 
261 <365,332> 3 262 589 590 
262 <178,184> 3 426 595 620 
263 <390,356> 3 268 587 588 
264 <379,359> 3 227 268 588 
265 <370,350> 3 227 268 589 
266 <397,344> 3 268 271 587 
267 <408,344> 3 271 587 591 
268 <164,182> 3 595 619 620 
269 <414,337> 3 271 563 591 
270 <422,333> 3 563 591 593 
271 <158,190> 3 594 595 619 
272 <417,352> 3 587 591 1005 
273 <374,160> 3 13 276 286 
274 <383,157> 3 276 286 294 
275 <389,168> 3 276 283 294 
276 <148,196> 3 550 594 619 
277 <399,196> 3 278 283 513 
278 <150,206> 3 299 550 594 
279 <394,166> 3 283 294 298 
280 <408,182> 3 283 298 510 
281 <410,193> 3 283 510 513 
282 <394,271> 3 574 596 600 
283 <135,213> 3 299 550 680 
284 <378,135> 3 286 292 424 
285 <388,146> 3 286 292 294 
286 <133,220> 3 299 680 682 
287 <381,127> 3 292 424 425 
288 <390,124> 3 292 425 701 
289 <141,275> 3 290 431 458 
290 <399,143> 3 292 294 637 
291 <403,138> 3 292 637 701 
292 <148,235> 3 299 472 682 
293 <406,157> 3 294 298 637 
294 <165,232> 3 299 683 684 
295 <307,23> 2 315 724 
296 <425,171> 3 298 506 510 
297 <418,159> 3 298 506 637 
298 <158,236> 3 299 472 683 
299 <245,204> 3 212 302 328 
300 <238,217> 3 302 307 328 
301 <234,216> 3 307 328 335 
302 <184,245> 3 470 684 685 
303 <232,192> 3 101 328 330 
304 <238,194> 3 101 212 328 
305 <226,203> 3 328 330 335 
306 <225,225> 3 307 321 335 
307 <179,250> 3 470 683 684 
308 <176,254> 3 468 470 683 
309 <219,245> 3 109 317 321 
310 <223,258> 3 109 138 317 
311 <216,266> 3 109 138 690 
312 <211,266> 3 109 690 692 
313 <206,262> 3 109 470 692 
315 <201,248> 3 109 470 685 
316 <206,244> 3 109 321 685 
317 <190,271> 3 468 470 692 
318 <353,57> 3 319 687 735 
319 <201,231> 3 247 321 685 
320 <216,223> 3 247 321 335 
321 <187,283> 3 463 468 692 
322 <218,205> 3 330 333 335 
323 <191,200> 3 107 333 595 
324 <186,204> 3 107 257 595 
325 <207,182> 3 330 345 426 
326 <203,301> 3 428 459 688 
327 <222,183> 3 101 330 345 
328 <190,294> 3 459 463 692 
329 <202,187> 3 330 333 426 
330 <196,318> 3 444 461 688 
331 <207,210> 3 107 333 335 
332 <191,191> 3 333 426 595 
333 <203,317> 3 430 444 688 
334 <208,216> 3 107 247 335 
335 <175,282> 3 463 468 471 
336 <231,174> 3 101 345 346 
337 <244,171> 3 101 213 346 
338 <244,163> 3 213 346 356 
339 <233,150> 3 346 416 421 
340 <239,150> 3 346 356 416 
341 <223,158> 3 345 346 421 
342 <200,167> 3 345 426 598 
343 <203,160> 3 345 598 599 
344 <215,154> 3 345 421 599 
345 <160,296> 3 463 471 860 
346 <153,291> 3 458 471 860 
347 <225,134> 3 416 417 421 
348 <216,131> 3 417 421 422 
349 <250,142> 3 221 356 416 
350 <148,277> 3 290 458 471 
351 <248,130> 3 221 387 416 
352 <256,122> 3 221 387 390 
353 <271,131> 3 221 225 390 
354 <259,152> 3 214 221 356 
355 <257,159> 3 213 214 356 
356 <157,269> 3 290 471 472 
357 <274,146> 3 214 220 221 
358 <267,106> 3 99 389 390 
359 <278,112> 3 99 362 390 
360 <284,120> 3 225 362 390 
361 <285,98> 3 99 362 368 
362 <165,266> 3 468 471 472 
363 <282,76> 3 366 368 373 
364 <277,68> 3 366 373 379 
365 <291,59> 3 0 366 379 
366 <142,255> 3 290 472 904 
367 <276,84> 3 99 368 373 
368 <141,241> 3 472 682 904 
369 <260,83> 3 99 373 396 
370 <251,76> 3 373 396 420 
371 <256,64> 3 373 420 720 
372 <266,64> 3 373 379 720 
373 <183,171> 3 426 620 622 
374 <266,52> 3 379 720 721 
375 <271,46> 3 379 702 721 
376 <279,44> 3 379 700 702 
377 <288,48> 3 0 379 700 
378 <295,46> 3 0 113 700 
379 <190,164> 3 426 598 622 
380 <198,147> 3 597 598 599 
381 <206,143> 3 421 597 599 
382 <207,138> 3 421 422 597 
383 <184,140> 3 427 473 598 
384 <202,116> 3 408 415 422 
385 <197,120> 3 408 422 427 
386 <210,119> 3 415 417 422 
387 <403,241> 3 568 571 573 
388 <213,98> 3 414 415 419 
389 <137,145> 3 488 514 516 
390 <143,138> 3 488 489 514 
391 <138,129> 3 489 514 515 
392 <214,89> 3 414 419 686 
393 <230,83> 3 419 420 714 
394 <245,60> 3 420 714 720 
395 <238,89> 3 396 419 420 
396 <145,119> 3 475 489 515 
397 <180,150> 3 473 598 622 
398 <197,98> 3 408 413 414 
399 <202,104> 3 408 414 415 
400 <185,118> 3 408 418 427 
401 <184,109> 3 407 408 418 
402 <171,108> 3 407 418 475 
403 <161,102> 3 407 475 761 
404 <170,88> 3 407 750 759 
405 <177,87> 3 407 413 750 
406 <189,100> 3 407 408 413 
407 <155,121> 3 474 475 489 
408 <165,114> 3 418 474 475 
409 <196,130> 3 422 427 597 
410 <201,83> 3 413 414 686 
411 <179,79> 3 413 743 750 
412 <198,76> 3 413 686 743 
413 <151,104> 3 475 761 763 
414 <344,29> 3 687 753 754 
415 <350,33> 3 687 689 754 
416 <364,32> 3 623 689 756 
417 <383,39> 3 429 621 623 
418 <223,83> 3 419 686 714 
419 <177,128> 3 418 427 473 
420 <369,40> 3 621 623 689 
423 <386,31> 3 429 604 623 
424 <405,41> 3 429 553 575 
425 <127,281> 3 431 458 1001 
426 <396,32> 3 429 575 604 
427 <208,308> 3 428 430 688 
428 <374,83> 3 448 697 738 
429 <224,334> 3 430 439 445 
430 <381,78> 3 448 738 742 
431 <231,341> 3 439 445 447 
432 <246,354> 3 447 481 482 
433 <244,345> 3 445 447 481 
434 <209,349> 3 439 444 456 
435 <217,363> 3 439 456 484 
436 <226,365> 3 439 484 839 
437 <231,362> 3 439 447 839 
438 <242,361> 3 447 482 839 
439 <389,82> 3 448 469 742 
440 <190,372> 3 456 487 601 
441 <195,348> 3 444 456 602 
442 <189,332> 3 444 461 602 
443 <182,328> 3 461 496 602 
444 <406,97> 3 448 469 706 
445 <415,68> 3 449 476 486 
446 <135,345> 3 727 796 803 
447 <136,304> 3 458 477 760 
448 <228,386> 3 484 790 839 
449 <239,391> 3 149 790 839 
450 <251,373> 3 149 482 839 
451 <222,391> 3 111 484 790 
452 <213,388> 3 111 484 487 
453 <211,375> 3 456 484 487 
454 <402,109> 3 448 462 701 
455 <202,401> 3 110 111 825 
456 <406,104> 3 448 462 706 
457 <146,307> 3 458 760 860 
458 <185,300> 3 459 461 463 
459 <432,114> 3 462 681 1008 
460 <174,305> 3 461 463 496 
461 <412,122> 3 462 681 701 
462 <163,305> 3 463 496 860 
463 <405,77> 3 449 469 742 
464 <410,96> 3 469 706 710 
465 <304,323> 3 722 749 752 
466 <460,381> 2 1127 1182 
467 <413,85> 3 449 469 710 
468 <405,52> 3 429 476 553 
469 <168,258> 3 468 472 683 
470 <368,60> 3 689 735 738 
471 <419,62> 3 476 486 553 
472 <18,321> 1 832 
473 <90,209> 3 857 878 891 
475 <268,360> 3 482 638 719 
477 <288,362> 3 670 719 747 
478 <281,372> 3 670 712 719 
479 <271,372> 3 482 712 719 
480 <263,377> 3 149 482 712 
481 <146,112> 3 475 515 763 
482 <424,60> 3 486 553 734 
483 <432,63> 2 486 734 
485 <189,385> 3 110 487 601 
486 <206,393> 3 110 111 487 
487 <154,134> 3 474 488 489 
488 <180,390> 3 110 601 764 
489 <168,390> 3 601 730 764 
490 <164,374> 3 601 605 730 
491 <176,362> 3 601 602 605 
492 <174,338> 3 496 602 605 
493 <165,338> 3 496 605 725 
494 <156,319> 3 496 784 860 
495 <158,327> 3 496 725 784 
496 <116,155> 3 516 527 774 
497 <286,344> 3 638 747 751 
498 <263,351> 3 481 482 638 
499 <125,147> 3 514 516 527 
500 <426,309> 3 560 565 567 
501 <429,299> 3 547 560 567 
502 <395,291> 3 164 503 574 
503 <118,139> 3 514 527 772 
504 <446,167> 3 506 509 552 
505 <437,147> 3 506 636 678 
506 <116,127> 3 514 515 772 
507 <458,175> 3 509 552 629 
508 <455,183> 3 509 519 629 
509 <111,120> 2 515 772 
510 <119,110> 2 515 766 
511 <132,102> 2 763 766 
512 <134,96> 1 763 
513 <142,91> 2 761 763 
514 <449,207> 3 519 525 626 
515 <460,199> 3 519 626 629 
516 <485,165> 2 564 629 
517 <461,156> 3 552 564 636 
518 <466,167> 3 552 564 629 
519 <105,158> 3 527 774 777 
520 <444,234> 3 525 544 551 
521 <457,217> 3 525 551 626 
522 <467,219> 3 551 626 1019 
523 <131,324> 3 760 796 802 
524 <474,201> 3 626 629 1019 
525 <104,141> 3 527 772 777 
526 <415,40> 3 553 575 734 
527 <419,241> 3 544 545 568 
528 <412,246> 3 545 568 573 
529 <412,257> 3 545 566 573 
530 <418,263> 3 545 546 566 
531 <427,248> 3 544 545 546 
532 <433,251> 3 544 546 549 
533 <437,262> 3 546 548 549 
534 <429,270> 3 546 547 548 
535 <422,272> 3 546 547 566 
536 <440,283> 3 547 548 569 
537 <439,295> 3 547 567 569 
538 <450,272> 3 548 569 570 
539 <447,265> 3 548 549 570 
540 <452,244> 3 549 551 570 
541 <445,244> 3 544 549 551 
542 <460,244> 3 551 570 1169 
543 <473,242> 3 551 1169 1171 
544 <98,165> 3 774 777 787 
545 <103,180> 3 774 786 787 
546 <110,180> 3 774 783 786 
547 <112,199> 3 680 783 786 
548 <106,202> 3 680 786 857 
549 <127,201> 3 550 680 783 
550 <478,233> 3 551 1019 1171 
552 <142,324> 3 760 784 796 
553 <465,264> 3 570 1025 1169 
554 <456,272> 3 569 570 1025 
555 <463,289> 3 569 1025 1028 
556 <450,304> 3 567 569 1034 
557 <452,314> 3 567 1034 1038 
558 <448,320> 3 567 1038 1042 
559 <441,321> 3 565 567 1042 
560 <488,153> 1 564 
561 <479,330> 4 3 1179 1180 1188 
562 <425,324> 3 563 565 593 
563 <479,148> 2 564 1011 
564 <433,328> 3 565 593 1042 
565 <404,262> 3 566 573 600 
566 <460,367> 3 1061 1127 1182 
567 <420,35> 2 575 734 
568 <461,297> 3 569 1028 1034 
569 <396,20> 2 575 604 
570 <404,11> 1 575 
571 <355,326> 3 572 590 671 
572 <412,13> 1 575 
573 <341,331> 3 590 671 744 
574 <336,339> 3 590 718 744 
575 <342,344> 3 589 590 718 
576 <345,350> 3 589 718 723 
577 <353,356> 3 227 589 723 
578 <346,365> 3 227 723 726 
579 <351,368> 3 227 726 795 
580 <378,367> 3 227 588 795 
581 <381,375> 3 588 795 992 
582 <391,381> 3 588 992 995 
583 <401,387> 3 588 995 1048 
584 <406,382> 3 588 1048 1053 
585 <409,374> 3 587 588 1053 
586 <418,370> 3 587 1005 1054 
587 <148,354> 3 725 727 728 
588 <381,13> 2 604 756 
589 <135,362> 3 727 794 800 
590 <433,351> 3 4 593 1005 
591 <383,7> 1 756 
592 <441,343> 3 4 593 1042 
593 <501,296> 3 1162 1163 1185 
594 <391,267> 3 596 600 603 
595 <374,22> 3 604 623 756 
596 <189,137> 3 427 597 598 
598 <130,352> 3 727 800 803 
599 <143,374> 3 728 789 794 
600 <187,365> 3 456 601 602 
602 <150,377> 3 728 730 789 
603 <158,369> 3 605 728 730 
604 <157,352> 3 605 725 728 
605 <503,265> 3 1163 1164 1167 
606 <160,172> 3 618 619 620 
607 <163,166> 3 485 618 620 
608 <168,164> 3 485 620 622 
609 <154,156> 3 485 488 618 
610 <142,156> 3 488 516 618 
611 <137,170> 3 516 617 618 
612 <148,178> 3 617 618 619 
613 <140,189> 3 550 617 619 
614 <131,192> 3 550 617 783 
615 <124,177> 3 617 774 783 
616 <128,172> 3 516 617 774 
617 <395,244> 3 142 571 573 
618 <396,249> 3 142 573 600 
619 <354,27> 3 689 754 756 
621 <174,151> 3 473 485 622 
622 <120,339> 3 802 803 804 
623 <167,138> 3 473 474 485 
624 <173,130> 3 418 473 474 
625 <159,137> 3 474 485 488 
626 <338,323> 3 671 676 744 
627 <489,177> 2 629 1015 
628 <480,195> 3 629 1015 1019 
629 <480,280> 3 1025 1028 1167 
630 <441,139> 3 636 678 681 
631 <449,134> 3 636 681 1008 
632 <457,134> 2 636 1008 
633 <464,138> 2 636 1011 
634 <470,149> 3 564 636 1011 
635 <445,158> 3 506 552 636 
636 <472,269> 3 1025 1167 1169 
637 <144,396> 2 778 823 
638 <392,253> 3 142 600 603 
639 <274,396> 3 712 713 812 
640 <268,395> 3 712 807 812 
641 <134,398> 2 778 822 
642 <255,407> 3 807 812 845 
643 <227,408> 3 111 790 793 
644 <144,409> 1 823 
645 <300,366> 3 670 716 747 
646 <309,356> 3 716 747 749 
647 <320,356> 3 716 718 749 
648 <325,362> 3 716 718 723 
649 <369,441> 2 851 1043 
650 <333,383> 3 726 797 799 
651 <342,387> 3 726 799 986 
652 <351,382> 3 726 795 986 
653 <159,404> 1 823 
654 <160,399> 2 730 823 
655 <369,403> 3 991 993 995 
656 <345,406> 3 799 848 991 
657 <338,405> 3 798 799 848 
658 <105,390> 3 736 755 773 
659 <331,412> 3 798 818 848 
660 <317,398> 3 667 797 798 
661 <319,405> 3 667 798 818 
662 <327,396> 3 797 798 799 
663 <313,396> 3 667 711 797 
664 <298,406> 3 667 711 813 
665 <300,417> 3 667 813 819 
666 <313,414> 3 667 818 819 
667 <351,244> 3 143 187 592 
668 <286,384> 3 670 711 712 
669 <305,376> 3 670 711 716 
670 <362,433> 3 842 851 1043 
671 <283,392> 3 711 712 713 
672 <278,416> 3 713 812 813 
673 <291,404> 3 711 713 813 
674 <334,15> 2 753 754 
675 <320,317> 3 676 722 744 
676 <344,4> 1 754 
677 <356,12> 2 754 756 
678 <122,221> 3 680 682 1006 
679 <111,215> 3 680 857 1006 
680 <110,397> 3 736 755 822 
681 <128,238> 3 682 858 904 
682 <198,66> 2 686 743 
683 <218,64> 2 686 714 
685 <191,58> 1 743 
686 <203,288> 3 459 690 692 
687 <192,307> 3 459 461 688 
688 <112,405> 2 736 822 
689 <206,293> 3 428 459 690 
690 <283,32> 2 700 702 
691 <78,408> 1 817 
692 <287,26> 2 700 724 
693 <326,59> 3 17 319 733 
694 <310,54> 3 0 17 113 
695 <324,52> 3 17 228 319 
696 <353,69> 3 697 733 735 
697 <267,37> 2 702 721 
698 <274,26> 1 702 
699 <102,409> 1 736 
700 <413,129> 3 678 681 701 
701 <95,405> 2 736 817 
703 <439,103> 2 706 1008 
704 <247,44> 2 720 721 
705 <433,109> 3 462 706 1008 
706 <236,46> 1 720 
707 <428,92> 2 706 710 
708 <421,80> 3 449 486 710 
709 <428,84> 2 486 710 
710 <236,54> 2 714 720 
713 <112,358> 3 762 776 800 
714 <114,342> 3 762 803 804 
715 <323,370> 3 716 723 797 
717 <383,413> 3 993 1044 1047 
718 <256,31> 1 721 
719 <177,406> 2 764 831 
720 <284,352> 3 638 719 747 
721 <314,324> 3 722 744 749 
723 <294,15> 1 724 
724 <375,419> 3 993 1043 1044 
725 <331,372> 3 723 726 797 
727 <422,396> 2 1048 1053 
729 <152,391> 3 730 778 823 
730 <311,380> 3 711 716 797 
732 <440,50> 1 734 
733 <140,364> 3 727 728 794 
734 <356,54> 3 687 689 735 
735 <173,72> 2 743 750 
736 <375,57> 3 621 689 738 
737 <385,67> 3 621 738 742 
738 <128,393> 3 755 778 822 
739 <406,72> 3 449 476 742 
740 <394,59> 3 429 621 742 
741 <402,59> 3 429 476 742 
743 <327,342> 3 718 744 749 
744 <129,378> 3 755 789 794 
745 <413,403> 2 1047 1048 
746 <426,388> 2 1053 1054 
747 <160,74> 2 750 759 
748 <162,73> 1 750 
749 <119,372> 3 755 776 794 
750 <300,328> 3 749 751 752 
751 <336,10> 1 754 
752 <108,375> 3 755 773 776 
754 <301,342> 3 747 749 751 
756 <66,410> 1 817 
757 <153,87> 2 759 761 
759 <117,353> 3 762 800 803 
760 <163,96> 3 407 759 761 
763 <163,395> 2 730 764 
764 <135,108> 3 515 763 766 
766 <102,371> 3 773 775 776 
771 <99,137> 2 772 777 
774 <97,359> 3 775 776 967 
776 <84,171> 2 777 787 
780 <130,386> 3 755 778 789 
781 <147,384> 3 730 778 789 
782 <87,189> 1 787 
783 <147,334> 3 725 784 796 
784 <99,198> 2 786 857 
785 <96,189> 2 786 787 
788 <130,410> 1 822 
789 <236,405> 3 790 793 801 
790 <176,411> 1 831 
791 <242,413> 3 793 801 845 
792 <217,421> 2 793 825 
793 <116,365> 3 776 794 800 
794 <361,383> 3 795 986 992 
795 <127,336> 3 796 802 803 
796 <348,399> 3 799 986 991 
802 <265,424> 3 812 814 845 
803 <260,430> 2 814 845 
804 <246,398> 3 149 801 807 
805 <273,444> 1 814 
806 <276,422> 3 812 813 814 
808 <285,434> 2 814 819 
809 <285,429> 3 813 814 819 
810 <291,442> 2 819 824 
811 <305,440> 3 819 824 830 
812 <155,414> 1 823 
816 <321,420> 3 818 819 830 
817 <330,419> 3 818 830 848 
820 <284,457> 1 824 
823 <295,466> 1 824 
826 <310,446> 3 824 830 836 
828 <338,438> 3 830 836 842 
829 <342,425> 3 830 842 848 
830 <193,409> 2 110 831 
832 <308,456> 2 824 836 
833 <20,339> 1 840 
834 <334,466> 1 836 
835 <345,443> 3 836 842 851 
836 <11,346> 1 840 
837 <242,435> 2 793 845 
838 <251,406> 3 801 807 845 
839 <11,355> 1 840 
841 <361,425> 3 842 993 1043 
843 <240,397> 3 149 790 801 
844 <251,443> 1 845 
846 <353,412> 3 848 991 993 
847 <349,424> 3 842 848 993 
850 <349,450> 2 836 851 
852 <358,450> 1 851 
853 <384,442> 1 1043 
854 <386,431> 2 1043 1044 
856 <396,417> 2 1044 1047 
859 <148,316> 3 760 784 860 
861 <91,201> 2 857 878 
862 <103,221> 3 857 891 1006 
863 <83,213> 3 875 878 891 
864 <74,210> 2 875 878 
865 <64,218> 2 871 875 
866 <56,218> 1 871 
867 <50,237> 2 871 886 
868 <53,243> 3 871 886 924 
869 <71,247> 3 871 924 925 
870 <72,237> 3 871 875 925 
872 <80,233> 3 875 899 925 
873 <85,229> 3 875 891 899 
876 <72,204> 1 878 
879 <50,268> 3 887 923 924 
880 <42,279> 3 887 923 936 
881 <32,268> 2 887 936 
883 <37,245> 2 886 887 
884 <37,235> 1 886 
885 <49,248> 3 886 887 924 
889 <101,245> 3 858 899 901 
890 <99,235> 3 858 891 899 
892 <123,247> 3 858 903 904 
893 <100,259> 3 899 901 935 
894 <89,259> 3 899 925 935 
895 <125,272> 3 431 903 1001 
896 <117,271> 3 901 903 1001 
897 <129,263> 3 431 903 904 
898 <135,263> 3 290 431 904 
900 <109,273> 3 901 935 1001 
902 <127,291> 3 458 477 1001 
905 <72,265> 3 924 925 926 
906 <61,272> 3 923 924 926 
907 <78,272> 3 925 926 932 
908 <92,270> 3 925 932 935 
909 <81,287> 3 926 932 933 
911 <80,297> 3 922 926 933 
912 <64,297> 3 922 923 926 
913 <54,307> 3 922 923 946 
914 <39,299> 3 923 936 946 
915 <31,305> 3 832 936 946 
916 <25,300> 2 832 936 
917 <20,269> 1 936 
918 <22,316> 2 832 946 
919 <53,317> 3 922 946 949 
920 <66,322> 3 922 943 949 
921 <82,308> 3 922 933 943 
927 <95,285> 3 932 935 1000 
928 <92,289> 3 932 933 1000 
929 <107,289> 3 935 1000 1001 
930 <91,314> 3 933 943 964 
931 <97,313> 3 933 964 1000 
934 <113,295> 3 477 1000 1001 
937 <84,329> 3 943 961 964 
938 <68,328> 3 943 949 961 
939 <64,340> 3 949 961 977 
940 <75,345> 3 961 967 977 
941 <87,336> 3 961 964 967 
942 <95,343> 3 762 964 967 
944 <32,323> 2 946 949 
945 <32,333> 2 949 953 
947 <50,349> 3 953 976 977 
948 <52,339> 3 949 953 977 
950 <30,350> 3 840 953 958 
951 <44,353> 3 953 958 976 
952 <28,341> 2 840 953 
954 <48,366> 3 816 958 976 
955 <38,374> 2 816 958 
957 <19,364> 2 840 958 
959 <57,372> 3 815 816 976 
960 <66,372> 3 815 976 979 
962 <107,336> 3 762 804 964 
963 <106,320> 3 804 964 1000 
965 <101,357> 3 762 776 967 
966 <87,360> 3 775 967 977 
968 <84,365> 3 775 977 979 
969 <72,366> 3 976 977 979 
970 <88,379> 3 773 979 984 
971 <76,383> 3 815 979 984 
972 <74,391> 3 815 817 984 
973 <55,386> 2 815 816 
974 <57,393> 2 815 817 
978 <89,373> 3 773 775 979 
981 <95,393> 3 736 773 984 
982 <92,396> 3 736 817 984 
985 <363,394> 3 986 991 992 
989 <377,406> 3 993 995 1047 
990 <370,395> 3 991 992 995 
994 <401,395> 3 995 1047 1048 
996 <10,315> 1 832 
997 <144,344> 3 725 727 796 
998 <122,311> 3 477 802 1000 
999 <116,316> 3 802 804 1000 
1000 <305,158> 3 180 196 223 
1001 <124,231> 3 682 858 1006 
1002 <128,313> 3 477 760 802 
1003 <430,368> 3 4 1005 1054 
1004 <102,230> 3 858 891 1006 
1007 <460,113> 1 1008 
1008 <352,260> 3 76 187 188 
1010 <473,133> 1 1011 
1012 <494,201> 3 1015 1019 1178 
1014 <509,178> 1 1015 
1015 <378,239> 3 142 145 592 
1017 <498,214> 3 1019 1172 1178 
1018 <486,230> 3 1019 1171 1172 
1019 <382,236> 3 142 145 571 
1020 <492,235> 3 1161 1171 1172 
1021 <472,304> 3 1028 1034 1186 
1022 <464,318> 3 3 1034 1038 
1023 <464,326> 4 3 1038 1180 1188 
1024 <472,312> 3 3 1034 1186 
1025 <375,234> 3 144 145 592 
1026 <489,290> 3 1028 1163 1186 
1027 <486,284> 3 1028 1163 1167 
1030 <503,301> 3 1128 1162 1185 
1031 <495,324> 3 1130 1179 1185 
1032 <488,319> 3 1179 1185 1186 
1035 <459,340> 3 1038 1042 1061 
1036 <453,346> 3 1042 1061 1190 
1037 <463,337> 4 1038 1061 1180 1188 
1039 <475,347> 4 1179 1180 1182 1188 
1046 <421,404> 1 1048 
1050 <434,384> 2 1054 1058 
1051 <437,373> 3 4 1054 1058 
1052 <413,373> 3 587 1053 1054 
1055 <454,388> 2 1058 1127 
1056 <448,376> 3 1058 1127 1190 
1057 <443,371> 3 4 1058 1190 
1060 <455,361> 3 1061 1127 1190 
1062 <478,372> 1 1182 
1063 <479,365> 2 1182 1183 
1064 <542,273> 3 1073 1074 1136 
1065 <547,267> 3 1074 1089 1136 
1066 <559,273> 3 1074 1088 1089 
1067 <556,298> 3 1074 1088 1116 
1068 <550,300> 3 1074 1115 1116 
1069 <547,294> 3 1073 1074 1115 
1070 <543,295> 3 1073 1115 1123 
1071 <537,288> 3 1073 1123 1162 
1072 <533,275> 3 1073 1136 1162 
1075 <567,269> 2 1088 1089 
1076 <550,255> 3 1089 1136 1142 
1077 <554,252> 2 1089 1142 
1078 <566,254> 1 1089 
1079 <578,283> 2 1088 1122 
1081 <592,296> 1 1122 
1082 <580,312> 2 1121 1122 
1083 <583,323> 1 1121 
1084 <579,332> 2 1120 1121 
1085 <563,323> 3 1116 1120 1121 
1086 <570,311> 3 1116 1121 1122 
1087 <568,301> 3 1088 1116 1122 
1090 <516,305> 3 1123 1128 1162 
1091 <520,312> 3 1114 1123 1128 
1092 <514,317> 3 1114 1128 1130 
1093 <501,320> 3 1128 1130 1185 
1095 <556,326> 3 1110 1116 1120 
1096 <556,337> 3 1110 1120 1195 
1097 <543,347> 3 1108 1110 1195 
1098 <528,345> 3 1108 1109 1110 
1099 <529,335> 3 1109 1110 1114 
1100 <543,321> 3 1110 1114 1116 
1101 <514,343> 3 1109 1130 1131 
1102 <515,351> 3 1108 1109 1131 
1103 <508,361> 3 1108 1131 1153 
1104 <500,359> 3 1131 1153 1183 
1105 <511,370> 2 1108 1153 
1107 <538,358> 2 1108 1195 
1112 <542,312> 3 1114 1115 1116 
1113 <535,305> 3 1114 1115 1123 
1118 <544,363> 1 1195 
1124 <479,356> 3 1179 1182 1183 
1129 <495,345> 3 1131 1179 1183 
1133 <530,271> 3 1136 1150 1162 
1135 <535,252> 3 1136 1142 1150 
1137 <526,249> 3 1142 1150 1164 
1138 <520,243> 3 1142 1161 1164 
1139 <524,238> 3 1142 1146 1161 
1140 <551,237> 2 1142 1146 
1143 <519,232> 3 1146 1161 1176 
1144 <526,220> 2 1146 1176 
1145 <553,225> 1 1146 
1147 <512,265> 3 1150 1163 1164 
1148 <518,276> 3 1150 1162 1163 
1151 <496,370> 2 1153 1183 
1152 <503,379> 1 1153 
1156 <480,250> 3 1169 1170 1171 
1157 <495,239> 3 1161 1170 1171 
1158 <498,258> 3 1164 1167 1170 
1159 <510,245> 3 1161 1164 1170 
1160 <505,228> 3 1161 1172 1176 
1165 <508,217> 3 1172 1176 1178 
1166 <502,192> 2 1015 1178 
1168 <485,259> 3 1167 1169 1170 
1174 <516,208> 2 1176 1178 
1184 <495,294> 3 1163 1185 1186 
1187 <484,322> 3 3 1179 1186 
1189 <468,342> 4 1061 1180 1182 1188 
1191 <446,345> 3 4 1042 1190 
1192 <426,348> 3 591 593 1005 
1194 <562,342> 2 1120 1195 
1458
826 828
790 830
719 790
106 719
122 252
106 830
472 996
916 996
915 916
915 918
122 135
472 918
126 135
832 834
335 362
362 469
308 469
828 835
308 317
835 850
317 321
834 850
436 448
436 437
439 463
437 438
438 450
464 467
449 450
444 464
839 957
307 308
836 839
302 307
833 836
302 315
833 952
950 952
313 317
950 957
356 362
829 847
841 847
670 841
670 835
12 74
292 368
13 1008
298 469
65 1008
65 75
74 75
837 844
621 623
623 624
383 397
397 621
803 844
487 625
407 487
407 408
656 846
623 625
846 847
396 407
396 481
80 81
413 481
79 80
403 413
7 79
10 77
739 741
77 81
468 471
445 471
649 670
649 852
850 852
84 85
83 84
447 1002
79 83
80 85
473 862
473 861
174 498
784 861
432 498
548 679
679 862
50 88
475 498
47 50
475 479
479 480
5 88
452 453
889 890
890 1004
1001 1004
681 1001
681 892
134 892
607 609
134 889
609 625
83 87
87 88
608 621
607 608
471 482
457 859
482 483
346 457
483 709
345 346
708 709
345 462
462 494
440 485
91 92
92 93
93 94
389 610
50 94
389 390
390 487
87 91
609 610
390 391
29 35
391 396
28 29
17 28
17 33
37 38
38 39
30 39
443 492
29 30
492 493
97 358
493 495
97 369
157 161
367 369
160 161
361 367
159 160
359 361
158 159
358 359
157 158
36 61
150 152
61 99
38 99
161 502
303 327
155 157
327 336
154 155
336 337
184 337
184 304
185 297
303 304
185 505
867 868
505 635
866 867
504 635
865 866
188 504
865 870
188 296
869 870
188 196
868 869
504 507
39 101
507 508
101 103
196 508
102 103
31 102
30 31
196 197
197 281
31 32
149 233
27 32
27 28
17 18
241 250
20 27
19 20
18 19
236 257
864 865
241 257
863 864
863 873
872 873
870 872
197 198
104 324
198 199
323 324
142 199
323 331
331 334
104 334
391 506
32 107
389 499
21 107
499 503
20 21
313 315
509 510
315 316
510 764
309 316
481 764
309 310
310 311
311 312
312 313
864 876
496 499
861 876
473 863
610 611
611 616
106 488
485 488
485 486
455 486
508 515
514 515
105 830
198 514
199 207
452 486
514 521
451 452
520 521
207 520
142 211
102 111
207 211
110 111
107 110
22 378
22 108
527 531
108 136
211 527
16 136
883 885
520 541
883 884
532 541
867 884
531 532
529 530
868 885
528 529
880 881
527 528
881 883
530 531
879 885
530 535
879 880
116 117
85 116
532 533
533 534
534 535
81 118
117 118
159 535
534 536
536 537
862 1004
501 537
158 501
873 890
123 124
117 124
533 539
538 539
118 120
536 538
120 121
121 123
872 894
540 541
539 540
283 549
889 893
893 894
613 614
128 129
276 613
129 130
276 278
116 130
124 128
521 522
893 900
134 896
540 542
896 900
132 133
128 132
517 635
517 518
507 518
123 125
125 133
424 526
892 897
482 526
895 897
895 896
155 156
368 681
366 368
500 501
366 898
156 500
897 898
48 51
51 52
52 53
156 562
49 53
270 562
269 270
53 58
517 634
57 58
55 57
560 563
516 560
516 518
131 311
238 310
500 559
238 239
131 239
562 564
160 237
57 59
237 565
59 60
529 565
60 61
112 127
127 131
239 240
112 240
537 556
112 119
129 240
26 387
26 211
119 132
67 638
67 1015
387 528
1015 1019
617 1019
617 618
618 638
538 554
18 667
15 667
19 1025
21 1025
387 617
25 110
257 571
25 1019
1015 1025
66 70
66 73
260 571
68 73
68 69
69 71
70 71
565 618
450 480
148 480
163 282
237 282
919 920
913 919
912 913
911 912
426 569
911 921
569 570
920 921
570 572
913 914
567 572
880 914
526 567
879 906
263 585
906 912
267 272
869 905
905 906
894 908
907 908
905 907
575 576
261 575
907 909
909 911
576 577
574 575
573 574
571 573
908 927
927 928
909 928
147 152
71 147
69 163
270 1192
163 502
152 502
928 931
930 931
921 930
63 67
111 141
141 142
26 142
25 26
146 164
119 164
271 276
256 271
133 165
145 165
145 146
268 271
262 268
900 929
927 929
916 917
881 917
68 594
282 594
914 915
380 596
59 172
170 172
380 381
60 166
379 397
343 380
99 167
920 938
930 937
937 938
918 944
594 638
919 944
489 490
138 178
490 491
138 179
491 600
179 1000
172 1000
488 489
491 492
58 178
945 948
944 945
938 939
939 948
52 177
177 178
423 595
588 595
569 588
945 952
947 948
603 604
947 951
493 604
950 951
93 175
175 176
176 177
490 603
51 94
611 612
612 613
64 667
64 1008
606 607
63 64
606 612
63 73
65 66
955 957
268 606
951 954
939 940
373 608
937 941
940 941
420 736
417 420
737 740
931 963
736 737
942 962
941 942
179 192
192 193
193 194
416 420
194 195
416 595
195 1000
138 190
190 191
191 192
515 524
176 189
189 190
516 627
940 966
942 965
505 630
630 631
194 205
205 206
632 633
201 206
195 200
187 291
947 969
185 187
960 969
181 497
497 720
475 720
968 969
663 664
970 971
478 668
477 478
206 208
477 645
208 209
645 669
209 210
668 669
573 626
241 626
299 304
184 189
626 675
251 675
175 299
337 338
338 355
191 355
354 355
187 700
354 357
630 700
193 357
981 982
286 678
651 652
461 700
794 985
796 985
209 212
212 216
216 217
219 357
205 219
294 307
349 351
351 352
352 353
219 353
253 302
349 354
101 140
412 682
682 683
418 683
985 990
655 990
655 846
222 414
414 415
415 734
318 734
581 582
582 990
213 216
415 619
213 214
416 619
214 215
215 218
470 736
470 734
312 686
655 989
717 989
717 724
724 841
353 360
208 360
46 56
56 696
72 696
77 115
72 428
115 120
54 214
582 583
54 56
583 994
989 994
578 579
577 578
265 577
54 82
264 265
264 580
376 690
136 223
690 692
222 223
22 692
186 222
186 695
929 934
934 998
375 697
697 698
690 698
425 895
425 902
902 934
464 707
231 232
703 707
91 232
84 230
230 231
707 709
229 234
671 673
234 235
668 671
231 235
669 730
229 230
272 586
272 1192
590 1192
586 1003
130 229
478 479
639 671
678 679
678 1001
683 710
247 248
394 710
70 247
147 233
645 646
233 236
646 647
236 248
647 648
459 705
648 715
703 705
703 1007
632 1007
631 632
647 743
459 631
574 743
234 238
576 648
477 720
633 634
633 1010
563 1010
706 710
563 634
704 706
232 244
374 704
244 245
92 245
628 1012
704 718
627 628
697 718
627 1014
1014 1166
1012 1166
135 465
246 319
104 246
320 334
319 320
675 721
522 550
465 721
522 524
524 628
1012 1017
1017 1018
550 1018
578 725
692 723
295 723
74 113
113 114
587 997
114 115
114 252
113 249
249 250
587 604
250 251
251 252
75 247
248 249
587 733
554 555
553 554
553 636
629 636
602 603
555 629
254 255
255 256
256 324
246 253
489 763
253 254
654 763
568 1021
555 568
629 1027
62 696
1026 1027
1021 1026
258 261
260 261
149 260
149 150
567 732
150 153
483 732
153 259
258 259
556 557
556 568
1021 1024
72 470
557 1022
258 265
658 680
259 266
263 266
688 699
263 264
699 701
558 1035
557 558
1023 1037
430 737
1035 1037
153 154
154 269
267 269
266 267
564 592
559 564
411 735
558 559
685 735
682 685
1035 1036
1036 1191
721 743
724 854
853 854
649 853
497 754
717 856
646 754
854 856
750 754
465 750
273 274
274 275
169 275
103 169
404 747
169 277
747 748
141 277
735 748
745 994
745 856
182 750
583 584
584 727
727 1046
745 1046
275 279
224 674
279 280
414 674
280 281
277 281
674 751
584 585
676 751
585 1052
676 677
746 1052
619 677
727 746
586 1052
1050 1051
746 1050
221 284
284 285
274 285
591 677
1050 1055
588 591
1056 1057
757 760
1055 1056
747 757
289 898
356 366
350 356
289 350
284 287
287 288
288 291
413 513
290 291
513 757
285 290
1036 1060
1037 1189
566 1189
566 1060
511 764
290 293
511 512
279 293
512 513
293 297
719 763
296 297
280 296
286 292
283 286
278 283
255 278
510 511
254 294
294 298
292 298
245 300
299 300
1071 1072
1064 1072
1064 1069
1069 1070
1070 1071
1064 1065
1065 1066
1066 1067
1067 1068
1068 1069
243 306
301 306
300 301
243 244
235 242
242 243
108 295
224 295
223 224
242 309
186 318
62 318
62 693
1067 1087
1066 1075
1075 1079
1079 1087
1065 1076
1076 1077
1077 1078
1075 1078
316 319
306 320
301 305
303 305
322 329
325 329
325 327
305 322
323 332
329 332
322 331
1103 1105
1102 1103
1098 1102
1097 1098
1097 1107
1105 1107
1101 1102
183 1101
183 1099
1098 1099
1099 1100
1095 1100
1095 1096
1096 1097
183 1092
1091 1092
1091 1113
1112 1113
1100 1112
325 342
342 343
343 344
341 344
336 341
339 341
339 340
338 340
1070 1113
1068 1112
1086 1087
1085 1086
1085 1095
1096 1194
1084 1085
1084 1194
1082 1086
1082 1083
1083 1084
1079 1081
1081 1082
1090 1091
1071 1090
340 349
1056 1060
466 566
466 1055
1092 1093
1030 1093
1030 1090
162 1031
1031 1093
162 1101
1104 1129
162 1129
1103 1104
359 360
225 361
212 225
363 364
364 365
226 227
226 363
1072 1133
1133 1135
1076 1135
363 367
225 226
369 370
370 371
371 372
364 372
1137 1138
1138 1139
1139 1140
1077 1140
1135 1137
1139 1143
1143 1144
1144 1145
1140 1145
372 374
374 375
375 376
376 377
1147 1148
1137 1147
1133 1148
1151 1152
1104 1151
1105 1152
86 89
89 90
90 95
95 352
86 351
90 98
97 98
95 358
76 213
1020 1157
1020 1160
1143 1160
1138 1159
1157 1159
593 1030
593 1148
605 1027
605 1147
593 1184
1026 1184
605 1158
1158 1159
98 395
370 395
636 1168
1158 1168
365 377
542 553
377 378
542 543
378 694
543 1156
228 694
1156 1168
227 228
227 365
202 203
202 210
1156 1157
210 217
217 218
0 218
0 220
203 220
543 550
170 200
200 201
1018 1020
201 202
203 204
170 204
525 771
1017 1165
509 771
1160 1165
506 509
503 506
402 403
503 525
403 760
561 1023
404 760
1022 1023
404 405
1022 1024
405 406
1024 1187
401 406
561 1187
401 402
1003 1051
590 1003
590 592
1165 1174
592 1191
1144 1174
1057 1191
1051 1057
400 401
970 981
970 978
398 406
766 978
398 399
752 766
384 399
658 752
384 385
658 981
385 400
544 545
519 544
496 519
1166 1174
496 616
615 616
546 615
1039 1124
545 546
561 1039
968 978
966 968
1032 1187
774 966
1031 1032
766 774
1124 1129
774 965
713 965
713 793
749 793
749 752
1039 1189
544 776
405 411
771 776
411 412
410 412
519 525
398 410
641 738
466 1062
738 780
780 781
729 781
637 729
637 641
1063 1124
166 204
1062 1063
11 220
392 410
11 168
388 392
167 168
388 399
166 167
1063 1151
140 168
11 221
221 273
140 273
546 547
96 388
614 615
96 386
549 614
384 386
547 549
339 347
552 783
86 347
552 859
494 859
494 495
495 783
76 228
1032 1184
16 694
16 695
693 695
82 693
76 82
348 386
784 785
545 785
89 96
547 548
347 348
548 784
776 782
782 785
744 780
408 624
599 744
402 408
599 602
602 781
400 419
451 643
419 624
448 451
448 449
449 843
392 418
789 843
393 418
643 789
393 395
137 792
100 792
100 643
789 791
791 837
137 837
589 793
589 733
599 733
393 394
371 394
744 749
652 794
579 652
344 381
579 580
381 382
580 581
348 382
581 794
446 795
523 795
523 552
783 997
446 997
663 730
715 730
715 725
382 409
650 725
385 409
650 662
660 662
660 663
660 661
657 662
657 659
46 215
659 661
45 46
44 45
42 44
650 651
0 42
651 796
656 796
656 657
42 287
713 759
598 759
589 598
43 44
804 843
43 288
804 838
791 838
262 332
622 999
262 373
998 999
373 379
998 1002
342 379
523 1002
622 795
714 759
1107 1118
622 714
446 598
1118 1194
383 419
962 963
963 999
409 596
714 962
383 596
326 427
148 804
326 689
148 640
127 689
640 642
642 838
1 2
2 3
164 427
3 40
417 740
34 40
417 423
33 34
423 426
1 33
424 426
5 6
424 468
4 5
468 741
3 4
740 741
144 333
2 6
333 427
642 802
639 640
146 429
639 672
144 429
672 806
802 806
6 7
289 425
1 9
434 435
8 9
144 434
7 8
806 809
429 431
431 437
672 673
664 673
435 436
664 665
441 442
665 809
330 442
10 12
330 333
8 10
9 15
434 441
13 15
12 13
803 805
802 803
145 173
173 433
431 433
808 809
805 808
973 974
165 180
959 973
174 180
959 960
173 174
960 971
971 972
972 974
955 973
432 433
954 955
432 438
954 959
45 428
756 974
428 430
430 439
972 982
439 444
701 982
444 456
691 701
454 456
691 756
43 454
666 816
661 666
463 467
463 739
659 817
445 739
816 817
445 708
808 810
467 708
440 600
441 600
665 666
811 816
435 453
810 811
440 453
680 688
680 738
641 788
125 126
688 788
126 182
47 48
181 182
48 49
180 181
41 49
447 902
40 41
4 47
346 350
644 812
637 644
447 457
458 687
654 729
328 458
653 654
328 686
653 812
686 689
820 823
810 820
326 687
443 460
811 826
458 460
826 832
823 832
330 687
41 55
442 443
36 55
454 461
36 37
35 37
456 705
34 35
459 461
105 792
105 455
335 345
100 455
321 335
321 328
460 462
817 829
121 122
828 829


